("Michael Thomas","NOR",26,"WR",16,15,185,149,80.5,1725,11.6,9,91,49,9.3,9.3,107.8,1),
("Keenan Allen","LAC",27,"WR",16,16,149,104,69.8,1199,11.5,6,63,45,8.0,6.5,74.9,0),
("DeAndre Hopkins","HOU",27,"WR",15,15,150,104,69.3,1165,11.2,7,68,43,7.8,6.9,77.7,0),
("Julian Edelman","NWE",33,"WR",16,13,153,100,65.4,1117,11.2,6,54,44,7.3,6.3,69.8,3),
("Julio Jones","ATL",30,"WR",15,15,157,99,63.1,1394,14.1,6,77,54,8.9,6.6,92.9,1),
("Allen Robinson","CHI",26,"WR",16,15,154,98,63.6,1147,11.7,7,63,49,7.4,6.1,71.7,0),
("Cooper Kupp","LAR",26,"WR",16,14,134,94,70.1,1161,12.4,10,51,66,8.7,5.9,72.6,3),
("Tyler Boyd","CIN",25,"WR",16,15,148,90,60.8,1046,11.6,5,51,47,7.1,5.6,65.4,2),
("Robert Woods","LAR",27,"WR",15,15,139,90,64.7,1134,12.6,2,54,48,8.2,6.0,75.6,0),
("D.J. Moore","CAR",22,"WR",15,15,135,87,64.4,1175,13.5,4,63,52,8.7,5.8,78.3,2),
("Chris Godwin","TAM",23,"WR",14,14,121,86,71.1,1333,15.5,9,63,71,11.0,6.1,95.2,0),
("Davante Adams","GNB",27,"WR",12,12,127,83,65.4,997,12.0,5,54,58,7.9,6.9,83.1,2),
("Jarvis Landry","CLE",27,"WR",16,16,138,83,60.1,1174,14.1,6,55,65,8.5,5.2,73.4,0),
("Tyler Lockett","SEA",27,"WR",16,16,110,82,74.5,1057,12.9,8,53,44,9.6,5.1,66.1,1),
("Amari Cooper","DAL",25,"WR",16,16,119,79,66.4,1189,15.1,8,54,53,10.0,4.9,74.3,0),
("Jamison Crowder","NYJ",26,"WR",16,12,122,78,63.9,833,10.7,6,41,41,6.8,4.9,52.1,0),
("Larry Fitzgerald","ARI",36,"WR",16,16,109,75,68.8,804,10.7,4,40,54,7.4,4.7,50.3,1),
("Odell Beckham Jr","CLE",27,"WR",16,15,133,74,55.6,1035,14.0,4,44,89,7.8,4.6,64.7,1),
("DJ Chark","JAX",23,"WR",15,14,118,73,61.9,1008,13.8,8,42,69,8.5,4.9,67.2,0),
("John Brown","BUF",29,"WR",15,15,115,72,62.6,1060,14.7,6,53,53,9.2,4.8,70.7,0),
("Jared Goff","LAR",25,"QB",16,16,0,394,62.9,4638,0,22,220,66,11.8,0,0,0),
("Jameis Winston","TAM",25,"QB",16,16,0,380,60.7,5109,0,33,243,71,13.4,0,0,0),
("Matt Ryan","ATL",34,"QB",15,15,0,408,66.2,4466,0,26,228,93,10.9,0,0,0),
("Tom Brady","NWE",42,"QB",16,16,0,373,60.8,4057,0,24,193,59,10.9,0,0,0),
("Carson Wentz","PHI",27,"QB",16,16,0,388,63.9,4039,0,27,213,53,10.4,0,0,0),
("Dak Prescott","DAL",26,"QB",16,16,0,388,65.1,4902,0,30,229,62,12.6,0,0,0),
("Philip Rivers","LAC",38,"QB",16,16,0,390,66.0,4615,0,23,217,84,11.8,0,0,0),
("Aaron Rodgers","GNB",36,"QB",16,16,0,353,62.0,4002,0,26,189,74,11.3,0,0,0),
("Kyler Murray","ARI",22,"QB",16,16,1,349,64.4,3722,0,20,173,88,10.7,0,0,0),
("Baker Mayfield","CLE",24,"QB",16,16,0,317,59.4,3827,0,22,179,89,12.1,0,0,0),
("Andy Dalton","CIN",32,"QB",13,13,0,314,59.5,3494,0,16,170,66,11.1,0,0,0),
("Mitchell Trubisky","CHI",25,"QB",15,15,0,326,63.2,3138,0,17,156,53,9.6,0,0,0),
("Russell Wilson","SEA",31,"QB",16,16,0,341,66.1,4110,0,31,190,60,12.1,0,0,0),
("Derek Carr","OAK",28,"QB",16,16,0,361,70.4,4054,0,21,191,75,11.2,0,0,0),
("Ryan Fitzpatrick","MIA",37,"QB",15,13,0,311,62.0,3529,0,20,182,51,11.3,0,0,0),
("Deshaun Watson","HOU",24,"QB",15,15,0,333,67.3,3852,0,26,191,54,11.6,0,0,0),
("Kyle Allen","CAR",23,"QB",13,12,0,303,62.0,3322,0,17,188,52,11.0,0,0,0),
("Patrick Mahomes","KAN",24,"QB",14,14,0,319,65.9,4031,0,26,176,83,12.6,0,0,0),
("Jimmy Garoppolo","SFO",28,"QB",16,16,0,329,69.1,3978,0,27,193,75,12.1,0,0,0),
("Gardner Minshew II","JAX",23,"QB",14,12,0,285,60.6,3271,0,21,150,70,11.5,0,0,0),
("Travis Kelce","KAN",30,"TE",16,16,136,97,71.3,1229,12.7,5,65,47,9.0,6.1,76.8,1),
("Darren Waller","OAK",27,"TE",16,16,117,90,76.9,1145,12.7,3,53,75,9.8,5.6,71.6,1),
("Zach Ertz","PHI",29,"TE",15,15,135,88,65.2,916,10.4,6,50,30,6.8,5.9,61.1,1),
("George Kittle","SFO",26,"TE",14,14,107,85,79.4,1053,12.4,5,53,61,9.8,6.1,75.2,1),
("Austin Hooper","ATL",25,"TE",13,10,97,75,77.3,787,10.5,6,41,35,8.1,5.8,60.5,0),
("Tyler Higbee","LAR",26,"TE",15,15,89,69,77.5,734,10.6,3,36,33,8.2,4.6,48.9,0),
("Jason Witten","DAL",37,"TE",16,16,83,63,75.9,529,8.4,4,27,33,6.4,3.9,33.1,1),
("Dallas Goedert","PHI",24,"TE",15,9,87,58,66.7,607,10.5,5,33,28,7.0,3.9,40.5,2),
("Hunter Henry","LAC",25,"TE",12,12,76,55,72.4,652,11.9,5,36,30,8.6,4.6,54.3,1),
("Greg Olsen","CAR",34,"TE",14,14,82,52,63.4,597,11.5,2,34,41,7.3,3.7,42.6,0),
("Mike Gesicki","MIA",24,"TE",16,5,89,51,57.3,570,11.2,5,25,34,6.4,3.2,35.6,1),
("Evan Engram","NYG",25,"TE",8,6,68,44,64.7,467,10.6,3,23,75,6.9,5.5,58.4,0),
("Jared Cook","NOR",32,"TE",14,7,65,43,66.2,705,16.4,9,32,61,10.8,3.1,50.4,0),
("Jack Doyle","IND",29,"TE",16,16,72,43,59.7,448,10.4,4,29,23,6.2,2.7,28.0,1),
("Noah Fant","DEN",22,"TE",16,11,66,40,60.6,562,14.1,3,23,75,8.5,2.5,35.1,1),
("Kyle Rudolph","MIN",30,"TE",16,16,48,39,81.3,367,9.4,6,24,32,7.6,2.4,22.9,0),
("Jimmy Graham","GNB",33,"TE",16,10,60,38,63.3,447,11.8,3,23,48,7.5,2.4,27.9,1),
("Vance McDonald","PIT",29,"TE",14,14,55,38,69.1,273,7.2,3,12,22,5.0,2.7,19.5,1),
("Jordan Akins","HOU",27,"TE",16,9,55,36,65.5,418,11.6,2,21,53,7.6,2.3,26.1,0),
("Cameron Brate","TAM",28,"TE",16,6,55,36,65.5,311,8.6,4,21,37,5.7,2.3,19.4,0),
("Austin Ekeler","LAC",24,"RB",16,8,108,92,85.2,993,10.8,8,42,84,9.2,5.8,62.1,3),
("Alvin Kamara","NOR",24,"RB",14,9,97,81,83.5,533,6.6,1,28,41,5.5,5.8,38.1,4),
("Tarik Cohen","CHI",24,"RB",16,11,104,79,76.0,456,5.8,3,18,31,4.4,4.9,28.5,3),
("Leonard Fournette","JAX",24,"RB",15,15,100,76,76.0,522,6.9,0,23,27,5.2,5.1,34.8,1),
("LeVeon Bell","NYJ",27,"RB",15,15,78,66,84.6,461,7.0,1,20,23,5.9,4.4,30.7,1),
("Devonta Freeman","ATL",27,"RB",14,14,70,59,84.3,410,6.9,4,17,28,5.9,4.2,29.3,3),
("Ezekiel Elliott","DAL",24,"RB",16,16,71,54,76.1,420,7.8,2,21,27,5.9,3.4,26.3,3),
("Dalvin Cook","MIN",24,"RB",14,14,63,53,84.1,519,9.8,0,26,31,8.2,3.8,37.1,4),
("Saquon Barkley","NYG",22,"RB",13,13,73,52,71.2,438,8.4,2,14,65,6.0,4.0,33.7,1),
("Miles Sanders","PHI",22,"RB",16,11,63,50,79.4,509,10.2,3,19,45,8.1,3.1,31.8,2),
("Aaron Jones","GNB",25,"RB",16,16,68,49,72.1,474,9.7,3,18,67,7.0,3.1,29.6,3),
("Melvin Gordon","LAC",26,"RB",12,11,55,42,76.4,296,7.0,1,11,25,5.4,3.5,24.7,4),
("Chris Carson","SEA",25,"RB",15,15,47,37,78.7,266,7.2,2,10,21,5.7,2.5,17.7,7),
("Nick Chubb","CLE",24,"RB",16,16,49,36,73.5,278,7.7,0,13,32,5.7,2.3,17.4,3),
("David Johnson","ARI",28,"RB",13,9,47,36,76.6,370,10.3,4,17,31,7.9,2.8,28.5,1),
("Phillip Lindsay","DEN",25,"RB",16,16,48,35,72.9,196,5.6,0,9,36,4.1,2.2,12.3,0),
("Joe Mixon","CIN",23,"RB",16,15,45,35,77.8,287,8.2,3,14,33,6.4,2.2,17.9,0),
("James Conner","PIT",24,"RB",10,10,38,34,89.5,251,7.4,3,14,26,6.6,3.4,25.1,1),
("Latavius Murray","NOR",29,"RB",16,8,43,34,79.1,235,6.9,1,9,30,5.5,2.1,14.7,0),
("Steven Sims","WAS",22,"RB",16,2,56,34,60.7,310,9.1,4,18,65,5.5,2.1,19.4,1)